[system variables]
J = 0.0
D = -0.0 0.0 0.0 0.0 -0.0 0.0 0.0 0.0 0.0
kS = 0.0
kT = 0.0
[electron 1]
g = 2.0023193
I = 2 2 2 2 2 2 2 2 2 2 2 2
N_I = 1 1 1 1 1 1 1 1 1 1 1 1
A1 = 0.05074644208718579 0.0 0.0 0.0 0.05074644208718579 0.0 0.0 0.0 0.05074644208718579
A2 = -0.13706792618414612 -0.0 -0.0 -0.0 -0.13706792618414612 -0.0 -0.0 -0.0 -0.13706792618414612
A3 = -0.13706792618414612 -0.0 -0.0 -0.0 -0.13706792618414612 -0.0 -0.0 -0.0 -0.13706792618414612
A4 = -0.13706792618414612 -0.0 -0.0 -0.0 -0.13706792618414612 -0.0 -0.0 -0.0 -0.13706792618414612
A5 = -0.44033852832217035 -0.0 -0.0 -0.0 -0.44033852832217035 -0.0 -0.0 -0.0 -0.44033852832217035
A6 = 0.4546400686867858 0.0 0.0 0.0 0.4546400686867858 0.0 0.0 0.0 0.4546400686867858
A7 = 0.4546400686867858 0.0 0.0 0.0 0.4546400686867858 0.0 0.0 0.0 0.4546400686867858
A8 = 0.4546400686867858 0.0 0.0 0.0 0.4546400686867858 0.0 0.0 0.0 0.4546400686867858
A9 = 0.009597399301570423 0.0 0.0 0.0 0.009597399301570423 0.0 0.0 0.0 0.009597399301570423
A10 = 0.4262605982027767 0.0 0.0 0.0 0.4262605982027767 0.0 0.0 0.0 0.4262605982027767
A11 = 0.4233203613613487 0.0 0.0 0.0 0.4233203613613487 0.0 0.0 0.0 0.4233203613613487
A12 = -0.020044041768504745 -0.0 -0.0 -0.0 -0.020044041768504745 -0.0 -0.0 -0.0 -0.020044041768504745
[electron 2]
g = 2.0023193
I = 2 2 2 2 2 2 2 2 2
N_I = 1 1 1 1 1 1 1 1 1
A1 = 1.6045 0.0 0.0 0.0 1.6045 0.0 0.0 0.0 1.6045
A2 = 0.04566666666666666 0.0 0.0 0.0 0.04566666666666666 0.0 0.0 0.0 0.04566666666666666
A3 = -0.032133333333333326 -0.0 -0.0 -0.0 -0.032133333333333326 -0.0 -0.0 -0.0 -0.032133333333333326
A4 = -0.04 -0.0 -0.0 -0.0 -0.04 -0.0 -0.0 -0.0 -0.04
A5 = -0.09306666666666667 -0.0 -0.0 -0.0 -0.09306666666666667 -0.0 -0.0 -0.0 -0.09306666666666667
A6 = -0.278 -0.0 -0.0 -0.0 -0.278 -0.0 -0.0 -0.0 -0.278
A7 = -0.3634 -0.0 -0.0 -0.0 -0.3634 -0.0 -0.0 -0.0 -0.3634
A8 = -0.4879 -0.0 -0.0 -0.0 -0.4879 -0.0 -0.0 -0.0 -0.4879
A9 = -0.5983 -0.0 -0.0 -0.0 -0.5983 -0.0 -0.0 -0.0 -0.5983
[simulation parameters]
simulation_type = symmetry_dynamics
output_folder = out
seed = 42 99
B = 0.0
initial_state = singlet
simulation_time = 49.5
dt = 0.5
N_krylov = 7
integrator_tolerance = 1e-08
N_samples = 128
M1 = 1
M2 = 2
block_tolerance = 1e-05
