[system variables]
J = 0.1
D = -0.0 0.0 0.0 0.0 -0.0 0.0 0.0 0.0 0.0
kS = 0.0
kT = 0.0
[electron 1]
g = 2.0023193
I = 2
N_I = 1
A1 = 0.5 0.0 0.0 0.0 0.5 0.0 0.0 0.0 0.5
[electron 2]
g = 2.0023193
I = 2 3
N_I = 1 1
A1 = 0.4 0.0 0.0 0.0 0.4 0.0 0.0 0.0 0.4
A2 = 0.5 0.0 0.0 0.0 0.5 0.0 0.0 0.0 0.5
[simulation parameters]
simulation_type = exact_dynamics
output_folder = out
seed = 42 99
B = 0.2
initial_state = singlet
simulation_time = 99.5
dt = 0.5
N_krylov = 10
integrator_tolerance = 1e-08
