[system variables]
B = +0.250000E+02
J = +0.100000E+00
D = +0.100000001490116E+000 +0.100000001490116E+000 +0.100000001490116E+000 +0.100000001490116E+000 +0.100000001490116E+000 +0.100000001490116E+000 +0.100000001490116E+000 +0.100000001490116E+000 +0.100000001490116E+000
