[system variables]
J = 0.0
D = 0.0 0.0 0.0 0.0 0.0 0.0 0.0 0.0 0.0
kS = 20.0
kT = 5.0
[electron 1]
g = 2.002319
I = 2 
N_I = 8 
A1 = 1.0 0.0 0.0 0.0 1.0 0.0 0.0 0.0 1.0
A2 = 0.3 0.0 0.0 0.0 0.3 0.0 0.0 0.0 0.3
A3 = 0.5 0.0 0.0 0.0 0.5 0.0 0.0 0.0 0.5
A4 = 0.2 0.0 0.0 0.0 0.2 0.0 0.0 0.0 0.2
A5 = 0.1 0.0 0.0 0.0 0.1 0.0 0.0 0.0 0.1
A6 = 0.5 0.0 0.0 0.0 0.5 0.0 0.0 0.0 0.5
A7 = 0.5 0.0 0.0 0.0 0.5 0.0 0.0 0.0 0.5
A8 = 0.5 0.0 0.0 0.0 0.5 0.0 0.0 0.0 0.5
[electron 2]
g = 2.002319
[simulation parameters]
output_folder=/home/damianko/fpm/spinchem/data/trial_sym
B = 0.0
initial_state=singlet
N_samples = 10
simulation_time = 300
dt = 0.3
N_krylov = 7
integrator_tolerance = 0.00001 
M1 = 4
M2 = 1
block_tolerance = 0.00001