[system variables]
B = 1.0
J = 0.5
D = 0.0 0.0 0.0 0.0 0.0 0.0 0.0 0.0 0.0
[electron 1]
g = 2.002319
g_I = 2
A1 = 1.0 0.0 0.0 0.0 1.0 0.0 0.0 0.0 1.0
[electron 2]
g = 2.002319
[simulationm parameters]
N_samples = 10
dt = 0.1
N_steps = 10