[system variables]
J = 0.0
D = 0.0 0.0 0.0 0.0 0.0 0.0 0.0 0.0 0.0
kS = 47.0
kT = 0.0
[electron 1]
g = 2.002319
I = 2 3 2
N_I = 3 3 3
A1 = 0.04879 0.0 0.0 0.0 0.04879 0.0 0.0 0.0 0.04879
A2 = 0.046328 0.0 0.0 0.0 0.046328 0.0 0.0 0.0 0.046328
A3 = -0.115098 0.0 0.0 0.0 -0.115098 0.0 0.0 0.0 -0.115098
A4 = -0.111317 0.0 0.0 0.0 -0.111317 0.0 0.0 0.0 -0.111317
A5 = -0.361254 0.0 0.0 0.0 -0.361254 0.0 0.0 0.0 -0.361254
A6 = 0.130081 0.0 0.0 0.0 0.130081 0.0 0.0 0.0 0.130081
A7 = 0.094903 0.0 0.0 0.0 0.094903 0.0 0.0 0.0 0.094903
A8 = -0.316911 0.0 0.0 0.0 -0.316911 0.0 0.0 0.0 -0.316911
A9 = 0.094676 0.0 0.0 0.0 0.094676 0.0 0.0 0.0 0.094676
A10 = -0.021817 0.0 0.0 0.0 -0.021817 0.0 0.0 0.0 -0.021817
A11 = -0.140593 0.0 0.0 0.0 -0.140593 0.0 0.0 0.0 -0.140593
A12 = -0.087963 0.0 0.0 0.0 -0.087963 0.0 0.0 0.0 -0.087963
A13 = -0.071456 0.0 0.0 0.0 -0.071456 0.0 0.0 0.0 -0.071456
A14 = 0.050581 0.0 0.0 0.0 0.050581 0.0 0.0 0.0 0.050581
A15 = -0.275215 0.0 0.0 0.0 -0.275215 0.0 0.0 0.0 -0.275215
A16 = 0.056448 0.0 0.0 0.0 0.056448 0.0 0.0 0.0 0.056448
A17 = 0.111917 0.0 0.0 0.0 0.111917 0.0 0.0 0.0 0.111917
A18 = -0.385563 0.0 0.0 0.0 -0.385563 0.0 0.0 0.0 -0.385563
A19 = -0.4 0.0 0.0 0.0 -0.4 0.0 0.0 0.0 -0.4
A20 = 0.050581 0.0 0.0 0.0 0.050581 0.0 0.0 0.0 0.050581
A21 = -0.071456 0.0 0.0 0.0 -0.071456 0.0 0.0 0.0 -0.071456
[electron 2]
g = 2.002319
[simulation parameters]
simulation_type = trace_sampling
output_folder=/home/hinom/GitHub/Spin_dynamics/out
seed= 1436699015287340820  6992165104747523623
B = 0.0 25.0
initial_state=singlet
N_samples = 200
simulation_time = 50
dt = 1
N_krylov = 7
integrator_tolerance = 0.00001
*
